Version 2 of IVI2 hemispheric and global volcanic stratospheric sulfate injection, October 21, 2012

Full Column Headings

1: Year (A.D.)
2: NH stratospheric sulfate aerosol injection (Tg)
3: SH stratospheric sulfate aerosol injection (Tg)
4: Global total stratospheric sulfate aerosol injection (Tg)
5: *** if different from original file, http://climate.envsci.rutgers.edu/IVI2/IVI2TotalLoading501-2000.txt

  1       2        3       4       5
Year     NH       SH     Global  Revised?

 501    0.00     0.00     0.00         
 502    0.00     0.00     0.00         
 503    0.00     0.00     0.00         
 504    0.00     0.00     0.00         
 505    0.00     0.00     0.00         
 506    0.00     0.00     0.00         
 507    0.00     0.00     0.00         
 508    0.00     0.00     0.00         
 509    0.00     0.00     0.00         
 510    0.00     0.00     0.00         
 511    0.00     0.00     0.00         
 512    0.00     0.00     0.00         
 513    0.00     0.00     0.00         
 514    0.00     0.00     0.00         
 515    0.00     0.00     0.00         
 516    0.00     0.00     0.00         
 517    0.00     0.00     0.00         
 518    0.00     0.00     0.00         
 519    0.00     0.00     0.00         
 520    0.00     0.00     0.00         
 521    0.00     0.00     0.00         
 522    0.00     0.00     0.00         
 523    0.00     0.00     0.00         
 524    0.00     0.00     0.00         
 525    0.00     0.00     0.00         
 526    0.00     0.00     0.00         
 527    0.00     0.00     0.00         
 528    0.00     0.00     0.00         
 529   59.64     5.04    64.69     
 530    0.00     0.00     0.00         
 531    0.00     0.00     0.00         
 532    0.00     0.00     0.00         
 533    0.00     0.00     0.00         
 534    0.00     0.00     0.00         
 535    0.00     0.00     0.00         
 536    0.00     0.00     0.00         
 537    0.00     0.00     0.00         
 538    0.00     0.00     0.00         
 539    0.00     0.00     0.00         
 540    0.00     0.00     0.00         
 541    0.00    42.56    42.56 
 542    0.00     0.00     0.00         
 543    0.00     0.00     0.00         
 544    0.00     0.00     0.00         
 545    0.00     0.00     0.00         
 546    0.00     0.00     0.00         
 547    0.00     0.00     0.00         
 548    0.00     0.00     0.00         
 549    0.00     0.00     0.00         
 550    0.00     0.00     0.00         
 551    0.00     0.00     0.00         
 552    0.00     0.00     0.00         
 553    0.00     0.00     0.00         
 554    0.00     0.00     0.00         
 555    0.00     0.00     0.00         
 556    0.00     0.00     0.00         
 557    0.00     0.00     0.00         
 558    0.00     0.00     0.00         
 559    0.00     0.00     0.00         
 560    0.00     0.00     0.00         
 561    0.00     0.00     0.00         
 562    0.00     0.00     0.00         
 563    0.00     0.00     0.00         
 564    0.00     0.00     0.00         
 565    0.00     0.00     0.00         
 566    0.00     0.00     0.00         
 567   13.28     0.00    13.28      
 568    0.00     0.00     0.00         
 569    0.00     0.00     0.00         
 570    0.00     0.00     0.00         
 571    0.00     0.00     0.00         
 572    0.00     0.00     0.00         
 573    0.00     0.00     0.00         
 574    0.00     0.00     0.00         
 575    0.00     0.00     0.00         
 576    0.00     0.00     0.00         
 577    0.00    29.14    29.14      
 578    0.00     0.00     0.00         
 579    0.00     0.00     0.00          
 580    0.00     0.00     0.00         
 581    0.00     0.00     0.00         
 582    0.00     0.00     0.00         
 583    0.00     0.00     0.00         
 584    0.00     0.00     0.00         
 585    0.00     0.00     0.00         
 586    0.00     0.00     0.00         
 587    0.00     0.00     0.00         
 588    0.00     0.00     0.00         
 589    2.71     0.00     2.71     
 590    0.00     0.00     0.00         
 591    0.00     0.00     0.00          
 592    0.00     0.00     0.00         
 593    0.00     0.00     0.00          
 594    0.00     0.00     0.00         
 595    0.00     0.00     0.00         
 596    0.00     0.00     0.00         
 597    0.00     0.00     0.00         
 598    0.00     0.00     0.00         
 599    0.00     0.00     0.00         
 600    0.00     0.00     0.00         
 601    0.00     0.00     0.00         
 602    0.00     0.00     0.00         
 603    0.00     0.00     0.00         
 604    0.00     0.00     0.00         
 605    0.00     0.00     0.00         
 606    0.00     0.00     0.00         
 607    0.00     0.00     0.00         
 608    0.00     0.00     0.00         
 609    0.00     0.00     0.00         
 610    0.00     0.00     0.00         
 611    0.00     0.00     0.00         
 612    0.00     0.00     0.00         
 613    0.00     0.00     0.00         
 614    0.00     0.00     0.00         
 615    0.00     0.00     0.00         
 616    0.00     0.00     0.00         
 617    0.00     0.00     0.00         
 618    0.00     0.00     0.00         
 619   16.40     0.00    16.40     
 620    0.00     0.00     0.00         
 621    0.00     0.00     0.00         
 622    0.00     0.00     0.00         
 623    0.00     0.00     0.00         
 624    0.00     0.00     0.00         
 625    0.00     0.00     0.00         
 626    0.00     0.00     0.00         
 627    0.00     0.00     0.00         
 628    0.00     0.00     0.00         
 629    0.00     0.00     0.00         
 630    0.00     0.00     0.00         
 631    0.00     0.00     0.00         
 632    0.00     0.00     0.00         
 633    0.00     0.00     0.00          
 634    0.00     0.00     0.00         
 635    0.00     0.00     0.00         
 636    0.00     0.00     0.00         
 637    0.00     0.00     0.00         
 638    0.00     0.00     0.00         
 639    0.00     0.00     0.00         
 640    0.00     0.00     0.00         
 641    0.00     0.00     0.00         
 642    0.00     0.00     0.00         
 643    0.00     0.00     0.00         
 644    0.00     0.00     0.00         
 645    0.00     0.00     0.00         
 646    0.00     0.00     0.00         
 647    0.00     0.00     0.00          
 648    0.00     0.00     0.00         
 649    0.00     0.00     0.00         
 650    0.00     0.00     0.00         
 651    0.00     0.00     0.00         
 652    0.00     0.00     0.00         
 653    0.00     0.00     0.00         
 654    0.00     0.00     0.00         
 655    0.00     0.00     0.00         
 656    0.00     0.00     0.00         
 657    0.00     0.00     0.00         
 658    0.00     0.00     0.00         
 659    0.00     0.00     0.00         
 660    0.00     0.00     0.00         
 661    0.00     0.00     0.00         
 662    0.00     0.00     0.00         
 663    0.00     0.00     0.00         
 664    8.13    15.79    23.92     
 665    0.00     0.00     0.00         
 666    0.00     0.00     0.00         
 667    0.00     0.00     0.00         
 668    0.00     0.00     0.00         
 669    0.00     0.00     0.00         
 670    0.00     0.00     0.00         
 671    0.00     0.00     0.00          
 672    0.00     0.00     0.00         
 673    0.00     0.00     0.00         
 674    0.00     0.00     0.00         
 675    0.00     0.00     0.00         
 676    0.00     0.00     0.00         
 677    0.00     0.00     0.00         
 678    0.00     0.00     0.00         
 679    0.00     0.00     0.00         
 680    0.00     0.00     0.00         
 681    0.00     0.00     0.00         
 682    0.00     0.00     0.00         
 683    0.00     0.00     0.00         
 684    0.00     0.00     0.00         
 685    0.00     0.00     0.00         
 686    0.00     0.00     0.00         
 687    0.00     0.00     0.00         
 688    0.00     0.00     0.00         
 689    0.00     0.00     0.00         
 690    0.00     0.00     0.00         
 691    0.00     0.00     0.00         
 692    0.00     0.00     0.00         
 693    0.00     0.00     0.00         
 694    0.00     0.00     0.00         
 695    0.00     0.00     0.00         
 696    0.00     0.00     0.00         
 697    0.00     0.00     0.00         
 698    0.00     0.00     0.00         
 699    0.00     0.00     0.00         
 700    0.00     0.00     0.00         
 701    0.00     0.00     0.00         
 702    0.00     0.00     0.00         
 703    0.00     0.00     0.00         
 704    0.00     0.00     0.00         
 705    0.00     0.00     0.00         
 706    0.00     0.00     0.00         
 707    0.00     0.00     0.00         
 708    0.00     0.00     0.00         
 709    0.00     0.00     0.00         
 710    0.00     0.00     0.00         
 711    0.00     0.00     0.00         
 712    0.00     0.00     0.00         
 713    0.00     0.00     0.00         
 714    0.00     0.00     0.00         
 715    0.00     0.00     0.00         
 716    0.00     0.00     0.00         
 717    0.00     0.00     0.00         
 718    0.00     0.00     0.00         
 719    0.00     0.00     0.00         
 720    0.00     0.00     0.00         
 721    0.00     0.00     0.00         
 722    0.00     0.00     0.00         
 723    0.00     0.00     0.00         
 724    0.00     0.00     0.00         
 725    0.00     0.00     0.00         
 726    0.00     0.00     0.00         
 727    0.00     0.00     0.00         
 728    0.00     0.00     0.00         
 729    0.00     0.00     0.00         
 730    0.00     0.00     0.00         
 731    0.00     0.00     0.00         
 732    0.00     0.00     0.00         
 733    0.00     0.00     0.00         
 734    0.00     0.00     0.00         
 735    0.00     0.00     0.00         
 736    0.00     0.00     0.00         
 737    0.00     0.00     0.00         
 738    4.30    34.96    39.26     
 739    0.00     0.00     0.00         
 740    0.00     0.00     0.00         
 741    0.00     0.00     0.00         
 742    0.00     0.00     0.00         
 743    0.00     0.00     0.00         
 744    7.90     0.00     7.90     
 745    0.00     0.00     0.00         
 746    0.00     0.00     0.00         
 747    0.00     8.54     8.54     
 748    0.00     0.00     0.00         
 749    0.00     0.00     0.00         
 750    0.00     0.00     0.00         
 751    0.00     0.00     0.00         
 752    0.00     0.00     0.00         
 753    0.00     0.00     0.00         
 754    0.00     0.00     0.00         
 755    0.00     0.00     0.00         
 756    0.00     0.00     0.00         
 757    0.00     0.00     0.00         
 758    0.00     0.00     0.00         
 759    0.00     0.00     0.00          
 760    0.00     0.00     0.00         
 761    0.00     0.00     0.00         
 762    0.00     0.00     0.00         
 763    0.00     0.00     0.00         
 764    0.00     0.00     0.00         
 765    0.00     0.00     0.00         
 766    0.00     0.00     0.00         
 767    0.00     0.00     0.00         
 768    0.00     0.00     0.00         
 769    0.00     0.00     0.00         
 770    0.00     0.00     0.00         
 771    0.00     0.00     0.00         
 772    0.00     0.00     0.00         
 773    0.00     0.00     0.00         
 774    0.00     0.00     0.00         
 775    0.00     0.00     0.00          
 776    0.00     0.00     0.00         
 777    0.00     0.00     0.00         
 778    0.00     0.00     0.00         
 779    0.00     0.00     0.00         
 780    0.00     0.00     0.00         
 781    0.00     0.00     0.00         
 782    0.00     0.00     0.00         
 783    0.00     0.00     0.00         
 784    0.00     0.00     0.00         
 785    0.00     0.00     0.00         
 786    0.00     0.00     0.00         
 787    0.00     0.00     0.00         
 788    0.00     0.00     0.00         
 789    0.00     0.00     0.00         
 790    0.00     0.00     0.00         
 791    0.00     0.00     0.00         
 792    0.00     0.00     0.00         
 793    0.00     0.00     0.00         
 794    0.00     0.00     0.00         
 795    0.00     0.00     0.00         
 796    0.00     0.00     0.00         
 797    0.00     0.00     0.00         
 798    0.00     0.00     0.00         
 799    0.00     0.00     0.00         
 800    0.00     0.00     0.00         
 801    0.00     0.00     0.00         
 802    0.00     0.00     0.00         
 803    0.00     0.00     0.00         
 804    0.00     0.00     0.00         
 805    0.00     0.00     0.00         
 806    0.00     0.00     0.00         
 807    0.00     0.00     0.00         
 808    0.00     0.00     0.00         
 809    0.00     0.00     0.00         
 810    0.00     0.00     0.00         
 811    0.00     0.00     0.00         
 812    0.00     0.00     0.00         
 813    0.00     0.00     0.00         
 814    0.00     0.00     0.00         
 815    0.00     0.00     0.00         
 816    0.00     0.00     0.00         
 817    0.00     0.00     0.00         
 818    0.00     0.00     0.00         
 819    0.00     0.00     0.00         
 820    0.00     0.00     0.00         
 821    0.00     0.00     0.00         
 822    0.00     0.00     0.00         
 823    0.00     0.00     0.00         
 824    0.00     0.00     0.00         
 825    0.00     0.00     0.00         
 826    0.00     0.00     0.00         
 827    0.00     0.00     0.00         
 828    0.00     0.00     0.00         
 829    0.00     0.00     0.00         
 830    0.00     0.00     0.00         
 831    0.00     0.00     0.00         
 832    0.00     0.00     0.00         
 833    0.00     0.00     0.00         
 834    0.00     0.00     0.00         
 835    0.00     0.00     0.00         
 836    0.00     0.00     0.00         
 837    0.00     0.00     0.00         
 838    0.00     0.00     0.00         
 839    0.00     0.00     0.00         
 840    0.00     0.00     0.00         
 841    0.00     0.00     0.00         
 842    0.00     0.00     0.00         
 843    0.00     0.00     0.00         
 844    0.00     0.00     0.00         
 845    0.00     0.00     0.00         
 846    0.00     0.00     0.00         
 847    0.00     0.00     0.00         
 848    0.00     0.00     0.00         
 849    0.00     0.00     0.00         
 850    0.00     0.00     0.00         
 851    0.00     0.00     0.00         
 852    0.00     0.00     0.00         
 853    0.00     0.00     0.00         
 854   11.28    10.11    21.39     
 855    0.00     0.00     0.00         
 856    0.00     0.00     0.00         
 857    0.00     0.00     0.00         
 858    0.00     0.00     0.00         
 859    0.00     0.00     0.00         
 860    0.00     0.00     0.00         
 861    0.00     0.00     0.00         
 862    0.00     0.00     0.00         
 863    0.00     0.00     0.00         
 864    0.00     0.00     0.00         
 865    0.00     0.00     0.00         
 866    0.00     0.00     0.00         
 867    0.00     0.00     0.00         
 868    0.00     0.00     0.00         
 869    0.00     0.00     0.00         
 870   14.57     7.71    22.28      
 871    0.00     0.00     0.00         
 872    0.00     0.00     0.00         
 873    0.00     0.00     0.00         
 874    0.00     0.00     0.00         
 875    0.00     0.00     0.00         
 876    0.00     0.00     0.00         
 877    4.28     0.00     4.28     
 878    0.00     0.00     0.00         
 879    0.00     0.00     0.00         
 880    0.00     0.00     0.00         
 881    0.00     0.00     0.00         
 882    0.00     0.00     0.00         
 883    0.00     0.00     0.00         
 884    0.00     0.00     0.00         
 885    0.00     0.00     0.00         
 886    0.00     0.00     0.00         
 887    0.00     0.00     0.00         
 888    0.00     0.00     0.00         
 889    0.00     0.00     0.00         
 890    0.00     0.00     0.00         
 891    0.00     0.00     0.00         
 892    0.00     0.00     0.00         
 893    2.84     0.00     2.84     
 894    0.00     0.00     0.00         
 895    0.00     0.00     0.00         
 896    0.00     0.00     0.00         
 897    0.00     0.00     0.00         
 898    4.75     0.00     4.75     
 899    0.00     0.00     0.00         
 900    0.00     0.00     0.00         
 901   15.50     5.78    21.28     
 902    0.00     0.00     0.00         
 903    0.00     0.00     0.00         
 904    0.00     0.00     0.00         
 905    0.00     0.00     0.00         
 906    0.00     0.00     0.00         
 907    0.00     0.00     0.00         
 908    0.00     0.00     0.00         
 909    0.00     0.00     0.00         
 910    0.00     0.00     0.00         
 911    0.00     0.00     0.00         
 912    0.00     0.00     0.00         
 913    0.00     0.00     0.00         
 914    0.00     0.00     0.00         
 915    0.00     0.00     0.00         
 916    0.00     0.00     0.00         
 917    0.00     0.00     0.00         
 918    0.00     0.00     0.00         
 919    0.00     0.00     0.00         
 920    0.00     0.00     0.00         
 921    0.00     0.00     0.00         
 922    0.00     0.00     0.00         
 923    0.00     0.00     0.00         
 924    0.00     0.00     0.00         
 925    0.00     0.00     0.00         
 926    0.00     0.00     0.00         
 927    0.00     0.00     0.00         
 928    0.00     0.00     0.00         
 929    0.00     8.35     8.35     
 930    0.00     0.00     0.00         
 931    0.00     0.00     0.00         
 932    0.00     0.00     0.00         
 933   31.83     0.00    31.83   ***
 934    0.00     0.00     0.00         
 935    0.00     0.00     0.00         
 936    0.00     0.00     0.00         
 937    0.00     0.00     0.00         
 938    0.00     0.00     0.00         
 939    0.00     1.30     1.30   ***
 940    0.00     0.00     0.00         
 941    0.00     0.00     0.00         
 942    0.00     0.00     0.00         
 943    0.00     0.00     0.00         
 944    0.00     0.00     0.00         
 945    0.00     0.58     0.58     
 946    0.00     2.97     2.97     
 947    0.00     0.00     0.00         
 948    0.00     0.00     0.00         
 949    0.00     0.00     0.00         
 950    0.00     0.00     0.00         
 951    0.00     0.00     0.00         
 952    0.00     0.00     0.00         
 953    0.00     0.00     0.00         
 954    0.00     0.00     0.00         
 955    0.00     0.00     0.00         
 956    0.00     0.00     0.00         
 957    0.00     0.00     0.00         
 958    0.00     0.00     0.00         
 959    0.00     0.00     0.00         
 960    0.00     0.00     0.00         
 961    4.08    10.61    14.69     
 962    0.00     0.00     0.00         
 963    0.00     0.00     0.00         
 964    0.00     0.00     0.00         
 965    0.00     0.00     0.00         
 966    0.00     0.00     0.00         
 967    0.00     0.00     0.00         
 968    0.00     0.00     0.00         
 969    0.00     0.00     0.00         
 970    0.00     0.00     0.00         
 971    0.00     0.00     0.00         
 972    0.00     0.00     0.00         
 973    0.00     0.00     0.00         
 974    0.00     0.00     0.00         
 975    0.00     0.00     0.00         
 976    0.00     0.00     0.00         
 977    0.00     0.00     0.00         
 978    0.00     0.00     0.00         
 979    0.00     0.00     0.00         
 980    0.00     0.00     0.00         
 981    0.00     0.00     0.00         
 982    0.00     0.00     0.00         
 983    0.00     0.00     0.00         
 984    0.00     0.00     0.00         
 985    0.00     0.00     0.00         
 986    0.00     0.00     0.00         
 987    0.00     1.92     1.92     
 988    0.00     0.00     0.00         
 989    0.00     0.00     0.00         
 990    0.00     0.00     0.00         
 991    0.00     0.00     0.00   ***   
 992    8.22     3.50    11.72   ***  
 993    0.00     0.00     0.00   ***   
 994    0.00     0.00     0.00         
 995    0.00     0.00     0.00         
 996    0.00     0.00     0.00         
 997    0.00     0.00     0.00         
 998    0.00     0.00     0.00         
 999    0.00     0.00     0.00         
1000    0.00     0.00     0.00         
1001   11.83     9.18    21.01     
1002    0.00     0.00     0.00         
1003    0.00     0.00     0.00         
1004    0.00     0.00     0.00         
1005    0.00     0.00     0.00         
1006    0.00     0.00     0.00         
1007    0.00     0.00     0.00         
1008    0.00     0.00     0.00         
1009    0.00     0.00     0.00         
1010    0.00     0.00     0.00         
1011    0.00     0.00     0.00         
1012    0.00     0.00     0.00         
1013    0.00     0.00     0.00         
1014    0.00     0.00     0.00         
1015    0.00     0.00     0.00         
1016    0.00     0.00     0.00         
1017    0.00     0.00     0.00         
1018    7.07     0.00     7.07     
1019    0.00     0.00     0.00         
1020    0.00     0.00     0.00         
1021    0.00     0.00     0.00         
1022    0.00     0.00     0.00         
1023    0.00     0.00     0.00         
1024    0.00     0.00     0.00         
1025    0.00     0.00     0.00         
1026    0.00     0.00     0.00         
1027    0.00     0.00     0.00         
1028    0.00     0.00     0.00         
1029    0.00     0.00     0.00         
1030    0.00     5.97     5.97     
1031    0.00     0.00     0.00         
1032    0.00     0.00     0.00         
1033    0.00     0.00     0.00         
1034    0.00     0.00     0.00         
1035    0.00     0.00     0.00         
1036    0.00     0.00     0.00         
1037    0.00     0.00     0.00         
1038    0.00     0.00     0.00         
1039    0.00     0.00     0.00         
1040    0.00     9.33     9.33     
1041    0.00     0.00     0.00         
1042    0.00     0.00     0.00         
1043    0.00     0.00     0.00         
1044    0.00     0.00     0.00         
1045    2.77     0.00     2.77     
1046    0.00     0.00     0.00         
1047    0.00     0.00     0.00         
1048    0.00     0.00     0.00         
1049    0.00     0.00     0.00         
1050    0.00     2.79     2.79     
1051    0.00     0.00     0.00         
1052    0.00     0.00     0.00         
1053    0.00     0.00     0.00         
1054    0.00     0.00     0.00         
1055    0.00     0.00     0.00         
1056    0.00     0.00     0.00         
1057    0.00     0.00     0.00         
1058    0.00     0.00     0.00         
1059    0.00     0.00     0.00         
1060    2.57     0.00     2.57     
1061    0.00     0.00     0.00         
1062    0.00     0.00     0.00         
1063    0.00     0.00     0.00         
1064    0.00     0.00     0.00         
1065    0.00     0.00     0.00         
1066    0.00     0.00     0.00         
1067    0.00     0.00     0.00         
1068    0.00     0.00     0.00         
1069    0.00     0.00     0.00         
1070    0.00     0.00     0.00         
1071    0.00     0.00     0.00         
1072    0.00     0.00     0.00         
1073    0.00     0.00     0.00         
1074    0.00     0.00     0.00         
1075    0.00     0.00     0.00         
1076    0.00     0.00     0.00         
1077    0.00     0.00     0.00         
1078    0.00     0.00     0.00         
1079    0.00     0.00     0.00         
1080    0.00     0.00     0.00         
1081   14.23     4.42    18.65     
1082    0.00     0.00     0.00         
1083    0.00     0.00     0.00         
1084    0.00     0.00     0.00         
1085    0.00     0.00     0.00         
1086    0.00     0.00     0.00         
1087    0.00     0.00     0.00         
1088    0.00     0.00     0.00         
1089    0.00     0.00     0.00         
1090    0.00     0.00     0.00         
1091    0.00     0.00     0.00         
1092    0.00     0.00     0.00         
1093    0.00     0.00     0.00         
1094    0.00     4.98     4.98     
1095    0.00     0.00     0.00         
1096    0.00     0.00     0.00         
1097    0.00     0.00     0.00         
1098    0.00     0.00     0.00         
1099    0.00     0.00     0.00         
1100    0.00     0.00     0.00         
1101    0.00     0.00     0.00         
1102    0.00     0.00     0.00         
1103    0.00     0.00     0.00         
1104    0.00     0.00     0.00     
1105    0.00     0.00     0.00         
1106    0.00     0.00     0.00         
1107    0.00     0.00     0.00         
1108    0.00     0.00     0.00         
1109    0.00     0.00     0.00         
1110    0.00     3.22     3.22     
1111    0.00     0.00     0.00         
1112    0.00     0.00     0.00         
1113    0.00     0.00     0.00         
1114    0.00     0.00     0.00         
1115    0.00     0.00     0.00         
1116    0.00     0.00     0.00         
1117    0.00     0.00     0.00         
1118    0.00     2.85     2.85     
1119    0.00     0.00     0.00         
1120    0.00     0.00     0.00         
1121    0.00     0.00     0.00         
1122   14.14     1.97    16.11     
1123    0.00     0.00     0.00         
1124    0.00     0.00     0.00         
1125    0.00     0.00     0.00   ***      
1126    0.00     0.00     0.00         
1127    0.00     0.00     0.00         
1128    0.00     0.00     0.00         
1129    0.00     0.00     0.00         
1130    0.00     0.00     0.00         
1131    0.00     0.00     0.00         
1132    0.00     2.03     2.03     
1133    0.00     0.00     0.00         
1134    0.00     0.00     0.00         
1135    0.00     0.00     0.00         
1136    0.00     0.00     0.00         
1137    0.00     0.00     0.00         
1138    0.00     0.00     0.00     
1139    0.00     0.00     0.00         
1140    0.00     0.00     0.00         
1141    0.00     0.00     0.00         
1142    0.00     0.82     0.82     
1143    0.00     0.00     0.00         
1144    0.00     0.00     0.00         
1145    0.00     0.00     0.00         
1146    0.00     0.00     0.00         
1147    0.00     0.00     0.00         
1148    0.00     0.00     0.00         
1149    0.00     0.00     0.00         
1150    0.00     2.12     2.12     
1151    0.00     0.00     0.00         
1152    0.00     0.00     0.00         
1153    0.00     0.00     0.00         
1154    0.00     0.00     0.00         
1155    0.00     0.00     0.00         
1156    0.00     0.00     0.00         
1157    0.00     0.00     0.00         
1158    0.00     1.56     1.56     
1159    0.00     0.00     0.00         
1160    0.00     0.00     0.00         
1161    0.00     0.00     0.00         
1162    0.00     0.00     0.00         
1163    0.00     0.00     0.00         
1164    0.00     0.00     0.00         
1165    0.00     0.00     0.00         
1166    0.00     0.00     0.00         
1167   29.54    22.58    52.12     
1168    0.00     0.00     0.00         
1169    0.00     0.00     0.00         
1170    0.00     0.00     0.00         
1171    0.00     0.00     0.00         
1172    0.00     0.00     0.00         
1173    0.00     0.00     0.00         
1174    0.00     0.00     0.00         
1175    0.00     0.00     0.00         
1176   45.76     0.00    45.76     
1177    0.00     0.00     0.00         
1178    0.00     0.00     0.00         
1179    0.00     0.00     0.00         
1180    0.00     0.00     0.00         
1181    0.00     0.00     0.00         
1182    0.00     0.00     0.00         
1183    0.00     0.00     0.00         
1184    0.00     0.00     0.00         
1185    0.00     0.00     0.00         
1186    0.00     0.00     0.00         
1187    0.00     0.00     0.00         
1188    6.94    11.05    17.99     
1189    0.00     0.00     0.00         
1190    0.00     0.00     0.00         
1191    0.00     0.00     0.00         
1192    0.00     0.00     0.00         
1193    0.00     0.00     0.00         
1194    0.00     0.00     0.00   ***      
1195   17.31     4.99    22.30   ***  
1196    0.00     0.00     0.00   ***      
1197    0.00     0.00     0.00         
1198    0.00     0.00     0.00         
1199    0.00     0.00     0.00         
1200    0.00     0.00     0.00         
1201    0.00     0.00     0.00         
1202    0.00     0.00     0.00         
1203    0.00     0.00     0.00         
1204    0.00     0.00     0.00         
1205    0.00     0.00     0.00         
1206    5.41     0.00     5.41     
1207    0.00     0.00     0.00         
1208    0.00     0.00     0.00         
1209    0.00     0.00     0.00         
1210    0.00     0.00     0.00         
1211    0.00     0.00     0.00         
1212    0.00     0.00     0.00         
1213    0.00     1.56     1.56     
1214    0.00     0.00     0.00         
1215    0.00     0.00     0.00         
1216    0.00     0.00     0.00         
1217    0.00     0.00     0.00         
1218    0.00     0.00     0.00         
1219    0.00     0.00     0.00         
1220    0.00     0.00     0.00         
1221    0.00     0.00     0.00         
1222    0.00     0.00     0.00         
1223    0.00     0.00     0.00         
1224    0.00     0.00     0.00         
1225    0.00     0.00     0.00         
1226    0.00     0.00     0.00         
1227   58.64     8.88    67.52     
1228    0.00     0.00     0.00         
1229    0.00     0.00     0.00         
1230    0.00     0.00     0.00         
1231    0.00     0.00     0.00         
1232    0.00    13.93    13.93     
1233    0.00     0.00     0.00         
1234    0.00     0.00     0.00         
1235    0.00     0.00     0.00         
1236    0.00     0.00     0.00         
1237    0.00     0.00     0.00         
1238    0.00     0.00     0.00         
1239    0.00     0.00     0.00         
1240    0.00     0.00     0.00         
1241    0.00     0.00     0.00         
1242    0.00     0.00     0.00         
1243    0.00     0.00     0.00         
1244    0.00     0.00     0.00         
1245    0.00     0.00     0.00         
1246    0.00     0.00     0.00         
1247    0.00     0.00     0.00         
1248    0.00     0.00     0.00         
1249    0.00     0.00     0.00         
1250    0.00     0.00     0.00         
1251    0.00     0.00     0.00         
1252    0.00     0.00     0.00         
1253    0.00     0.00     0.00         
1254    0.00     0.00     0.00         
1255    0.00     0.00     0.00         
1256    0.00     0.00     0.00         
1257    0.00     0.00     0.00         
1258  145.80   112.11   257.91     
1259    0.00     0.00     0.00         
1260    0.00     0.00     0.00         
1261    0.00     0.00     0.00         
1262    0.00     0.00     0.00         
1263    0.00     0.00     0.00         
1264    0.00     0.00     0.00         
1265    0.00     0.00     0.00         
1266    0.00     0.00     0.00         
1267    0.00     0.00     0.00         
1268    0.00    15.52    15.52     
1269    0.00     0.00     0.00         
1270    0.00     0.00     0.00         
1271    0.00     0.00     0.00         
1272    0.00     0.00     0.00         
1273    0.00     0.00     0.00         
1274    0.00     0.00     0.00         
1275    6.49    57.23    63.72     
1276    0.00     0.00     0.00         
1277    0.00     0.00     0.00         
1278    0.00     0.00     0.00         
1279    0.00     0.00     0.00         
1280    0.00     0.00     0.00         
1281    0.00     0.00     0.00         
1282    0.00     0.00     0.00         
1283    0.00     0.00     0.00         
1284   23.05    31.64    54.69     
1285    0.00     0.00     0.00         
1286    0.00     0.00     0.00         
1287    0.00     0.00     0.00         
1288    0.00     0.00     0.00         
1289    0.00     0.00     0.00         
1290    0.00     0.00     0.00         
1291    0.00     0.00     0.00         
1292    0.00     0.00     0.00         
1293    0.00     0.00     0.00         
1294    0.00     0.00     0.00         
1295    0.00     0.00     0.00         
1296    0.00     0.00     0.00         
1297    0.00     0.00     0.00         
1298    0.00     0.00     0.00         
1299    0.00     0.00     0.00         
1300    0.00     0.00     0.00         
1301    0.00     0.00     0.00         
1302    0.00     0.00     0.00         
1303    0.00     0.00     0.00         
1304    0.00     0.00     0.00         
1305    0.00     0.00     0.00         
1306    0.00     0.00     0.00         
1307    0.00     1.18     1.18     
1308    0.00     0.00     0.00         
1309    0.00     0.00     0.00         
1310    0.00     0.00     0.00         
1311    0.00     0.00     0.00         
1312    0.00     0.00     0.00         
1313    0.00     0.00     0.00         
1314    0.00     0.00     0.00         
1315    0.00     0.00     0.00         
1316    0.00     1.83     1.83     
1317    0.00     0.00     0.00         
1318    0.00     0.00     0.00         
1319    0.00     0.00     0.00         
1320    0.00     0.00     0.00         
1321    0.00     0.00     0.00         
1322    0.00     0.00     0.00         
1323    0.00     0.00     0.00         
1324    0.00     0.00     0.00         
1325    0.00     0.00     0.00         
1326    0.00     0.00     0.00         
1327    0.00     0.00     0.00         
1328   19.69     0.00    19.69      
1329    0.00     0.00     0.00         
1330    0.00     0.00     0.00         
1331    0.00     0.00     0.00         
1332    0.00     0.00     0.00         
1333    0.00     0.00     0.00         
1334    0.00     0.00     0.00         
1335    0.00     0.00     0.00         
1336    0.00     0.00     0.00         
1337    0.00     0.00     0.00         
1338    0.00     0.00     0.00         
1339    0.00     0.00     0.00         
1340    0.00     0.00     0.00         
1341    5.62    25.52    31.14     
1342    0.00     0.00     0.00         
1343    0.00     0.00     0.00         
1344    0.00     0.00     0.00     
1345    0.00     0.00     0.00         
1346    0.00     0.00     0.00         
1347    0.00     0.00     0.00         
1348    0.00     0.00     0.00         
1349    0.00     0.00     0.00         
1350    0.00     0.00     0.00         
1351    0.00     0.00     0.00         
1352    0.00     0.00     0.00         
1353    0.00     0.00     0.00         
1354    0.00     0.00     0.00         
1355    0.00     0.00     0.00         
1356    0.00     0.00     0.00         
1357    0.00     0.00     0.00         
1358    0.00     1.09     1.09      
1359    0.00     0.00     0.00         
1360    0.00     0.00     0.00         
1361    0.00     0.00     0.00         
1362    0.00     0.00     0.00         
1363    0.00     0.00     0.00         
1364    0.00     0.00     0.00         
1365    0.00     0.00     0.00         
1366    0.00     0.00     0.00         
1367    0.00     0.00     0.00         
1368    0.00     0.00     0.00         
1369    0.00     0.00     0.00         
1370    5.12     3.96     9.08     
1371    0.00     0.00     0.00         
1372    0.00     0.00     0.00         
1373    0.00     0.00     0.00         
1374    0.00     0.00     0.00         
1375    0.00     0.00     0.00         
1376    0.00     0.00     0.00         
1377    0.00     0.00     0.00         
1378    0.00     0.00     0.00         
1379    0.00     0.00     0.00         
1380    0.00     0.00     0.00         
1381    0.00     5.27     5.27     
1382    0.00     0.00     0.00         
1383    0.00     0.00     0.00         
1384    0.00     0.00     0.00         
1385    0.00     0.00     0.00         
1386    0.00     0.00     0.00         
1387    0.00     0.00     0.00         
1388    0.00     0.00     0.00         
1389    0.00     0.00     0.00         
1390    0.00     0.00     0.00         
1391    0.00     0.00     0.00         
1392    0.00     0.00     0.00         
1393    0.00     0.00     0.00         
1394    0.00     0.00     0.00         
1395    0.00     0.00     0.00         
1396    0.00     0.00     0.00         
1397    0.00     0.00     0.00         
1398    0.00     0.00     0.00         
1399    0.00     0.00     0.00         
1400    0.00     0.00     0.00         
1401    0.00     0.00     0.00         
1402    0.00     0.00     0.00         
1403    0.00     0.00     0.00         
1404    0.00     0.00     0.00         
1405    0.00     0.00     0.00         
1406    0.00     0.00     0.00         
1407    0.00     0.00     0.00         
1408    0.00     0.00     0.00         
1409    0.00     0.00     0.00         
1410    0.00     0.00     0.00         
1411    0.00     0.00     0.00         
1412    0.00     0.00     0.00         
1413    0.00     0.00     0.00         
1414    0.00     0.00     0.00         
1415    0.00     0.00     0.00         
1416    5.47     4.22     9.69     
1417    0.00     0.00     0.00         
1418    0.00     0.00     0.00         
1419    0.00     0.00     0.00         
1420    0.00     0.00     0.00         
1421    0.00     0.00     0.00         
1422    0.00     0.00     0.00         
1423    0.00     0.00     0.00         
1424    0.00     0.00     0.00         
1425    0.00     0.00     0.00         
1426    0.00     0.00     0.00         
1427    0.00     0.00     0.00         
1428    0.00     0.00     0.00         
1429    0.00     0.00     0.00         
1430    0.00     0.00     0.00         
1431    0.00     0.00     0.00         
1432    0.00     0.00     0.00         
1433    0.00     0.00     0.00         
1434    0.00     0.00     0.00         
1435    0.00     0.00     0.00         
1436    0.00     0.00     0.00         
1437    0.00     0.00     0.00         
1438    0.00     0.00     0.00         
1439    0.00     0.00     0.00         
1440    0.00     0.00     0.00         
1441    0.00     0.00     0.00         
1442    0.00     0.00     0.00         
1443    0.00     0.00     0.00         
1444    0.00     0.00     0.00         
1445    0.00     0.00     0.00         
1446    0.00     0.00     0.00         
1447    0.00     0.00     0.00         
1448    0.00     0.00     0.00         
1449    0.00     0.00     0.00         
1450    0.00     0.00     0.00         
1451    0.00     0.00     0.00         
1452   44.60    92.90   137.50     
1453    0.00     0.00     0.00         
1454    0.00     0.00     0.00         
1455    0.00     0.00     0.00         
1456    0.00     0.00     0.00         
1457    0.00     0.00     0.00         
1458    0.00     0.00     0.00         
1459   21.92     0.00    21.92     
1460    0.00     0.00     0.00         
1461    0.00     0.00     0.00         
1462    0.00     0.00     0.00         
1463    0.00     0.00     0.00         
1464    0.00     0.00     0.00         
1465    0.00     0.00     0.00         
1466    0.00     0.00     0.00         
1467    0.00     0.00     0.00         
1468    0.00     0.00     0.00         
1469    0.00     0.00     0.00         
1470    0.00     0.00     0.00         
1471    0.00     0.00     0.00         
1472    0.00     0.00     0.00         
1473    0.00     0.00     0.00         
1474    0.00     3.32     3.32      
1475    0.00     0.00     0.00         
1476   14.85     0.00    14.85     
1477    0.00     0.00     0.00         
1478    0.00     0.00     0.00         
1479    0.00     0.00     0.00         
1480    7.36     0.00     7.36      
1481    0.00     0.00     0.00         
1482    0.00     0.00     0.00         
1483    0.00     0.00     0.00         
1484    0.00     0.00     0.00         
1485    0.00     0.00     0.00         
1486    0.00     0.00     0.00         
1487    0.00     0.00     0.00         
1488    0.00     0.00     0.00         
1489    0.00     0.00     0.00         
1490    0.00     0.00     0.00         
1491    0.00     0.00     0.00         
1492    0.00     0.00     0.00         
1493    0.00     0.00     0.00         
1494    0.00     0.00     0.00         
1495    0.00     0.00     0.00         
1496    0.00     0.00     0.00         
1497    0.00     0.00     0.00         
1498    0.00     0.00     0.00         
1499    0.00     0.00     0.00         
1500    0.00     0.00     0.00         
1501    0.00     0.00     0.00         
1502    0.00     0.00     0.00         
1503    1.72     0.00     1.72     
1504    0.00     0.00     0.00         
1505    0.00     0.00     0.00         
1506    0.00     0.00     0.00         
1507    0.00     0.00     0.00         
1508    0.00     0.00     0.00         
1509    0.00     0.00     0.00         
1510    0.00     0.00     0.00         
1511    0.00     0.00     0.00         
1512    4.24     0.00     4.24     
1513    0.00     0.00     0.00         
1514    0.00     0.00     0.00         
1515    0.00     0.00     0.00         
1516    0.00     0.00     0.00         
1517    0.00     0.00     0.00         
1518    0.00     0.00     0.00         
1519    0.00     0.00     0.00         
1520    0.00     0.00     0.00         
1521    0.00     0.00     0.00         
1522    0.00     0.00     0.00         
1523    0.00     0.00     0.00         
1524    0.00     0.00     0.00         
1525    0.00     0.00     0.00         
1526    3.54     0.00     3.54     
1527    0.00     0.00     0.00         
1528    0.00     0.00     0.00         
1529    0.00     0.00     0.00         
1530    0.00     0.00     0.00         
1531    0.00     0.00     0.00         
1532    0.00     0.00     0.00         
1533    0.00     0.00     0.00         
1534    0.00     3.86     3.86     
1535    0.00     0.00     0.00         
1536    0.00     0.00     0.00         
1537    0.00     0.00     0.00         
1538    0.00     0.00     0.00         
1539    0.00     0.00     0.00         
1540    0.00     0.00     0.00         
1541    0.00     0.00     0.00         
1542    0.00     0.00     0.00         
1543    0.00     0.00     0.00         
1544    0.00     0.00     0.00         
1545    0.00     0.00     0.00         
1546    0.00     0.00     0.00         
1547    0.00     0.00     0.00         
1548    0.00     0.00     0.00         
1549    0.00     0.00     0.00         
1550    0.00     0.00     0.00         
1551    0.00     0.00     0.00         
1552    0.00     0.00     0.00         
1553    0.00     0.00     0.00         
1554    0.00     0.00     0.00         
1555    0.00     0.00     0.00         
1556    0.00     0.00     0.00         
1557    0.00     0.00     0.00         
1558    0.00     0.00     0.00         
1559    0.00     0.00     0.00         
1560    0.00     0.00     0.00         
1561    0.00     0.00     0.00         
1562    0.00     0.00     0.00         
1563    0.00     0.00     0.00         
1564    0.00     0.00     0.00         
1565    0.00     0.00     0.00         
1566    0.00     0.00     0.00         
1567    0.00     0.00     0.00         
1568    0.00     0.00     0.00         
1569    0.00     0.00     0.00         
1570    0.00     0.00     0.00         
1571    0.00     0.00     0.00         
1572    0.00     0.00     0.00         
1573    0.00     0.00     0.00         
1574    0.00     0.00     0.00         
1575    0.00     0.00     0.00         
1576    0.00     0.00     0.00         
1577    0.00     0.00     0.00         
1578    0.00     0.00     0.00         
1579    0.00     0.00     0.00         
1580    0.00     0.00     0.00         
1581    0.00     0.00     0.00         
1582    0.00     0.00     0.00         
1583    0.00     0.00     0.00         
1584   24.23     0.00    24.23     
1585    0.00     0.00     0.00         
1586    0.00     0.00     0.00         
1587    0.00     0.00     0.00         
1588    0.00     0.00     0.00         
1589    0.00     0.00     0.00         
1590    0.00     0.00     0.00         
1591    0.00     0.00     0.00         
1592    0.00     0.00     0.00         
1593    0.00     9.54     9.54      
1594    0.00     0.00     0.00         
1595    0.00     0.00     0.00         
1596    0.00     0.00     0.00         
1597    0.00     0.00     0.00         
1598    0.00     0.00     0.00         
1599    0.00     0.00     0.00         
1600   46.08    10.51    56.59     
1601    0.00     0.00     0.00         
1602    0.00     0.00     0.00         
1603    0.00     0.00     0.00         
1604    0.00     0.00     0.00         
1605    0.00     0.00     0.00         
1606    0.00     0.00     0.00         
1607    0.00     0.00     0.00         
1608    0.00     0.00     0.00         
1609    0.00     0.00     0.00         
1610    0.00     0.00     0.00         
1611    0.00     0.00     0.00         
1612    0.00     0.00     0.00         
1613    0.00     0.00     0.00         
1614    0.00     0.00     0.00         
1615    0.00     0.00     0.00         
1616    0.00     0.00     0.00         
1617    0.00     0.00     0.00         
1618    0.00     0.00     0.00         
1619    0.00     5.23     5.23     
1620    0.00     0.00     0.00         
1621    0.00     0.00     0.00         
1622    0.00     0.00     0.00         
1623    0.00     0.00     0.00         
1624    0.00     0.00     0.00         
1625    0.00     0.00     0.00         
1626    0.00     0.00     0.00         
1627    0.00     0.00     0.00         
1628    0.00     0.00     0.00         
1629    0.00     0.00     0.00         
1630    0.00     0.00     0.00         
1631    0.00     0.00     0.00         
1632    0.00     0.00     0.00         
1633    0.00     0.00     0.00         
1634    0.00     0.00     0.00         
1635    0.00     0.00     0.00         
1636    0.00     0.00     0.00         
1637    0.00     0.00     0.00         
1638    0.00     0.00     0.00         
1639    0.00     0.00     0.00         
1640    0.00     0.00     0.00         
1641   33.81    17.79    51.60     
1642    0.00     0.00     0.00         
1643    0.00     0.00     0.00         
1644    0.00     0.00     0.00         
1645    0.00     0.00     0.00         
1646    0.00     0.00     0.00         
1647    0.00     0.00     0.00         
1648    0.00     0.00     0.00         
1649    0.00     0.00     0.00         
1650    0.00     0.00     0.00         
1651    0.00     0.00     0.00         
1652    0.00     0.00     0.00         
1653    0.00     0.00     0.00         
1654    0.00     0.00     0.00         
1655    0.00     0.00     0.00         
1656    0.00     0.00     0.00         
1657    0.00     0.00     0.00         
1658    0.00     0.00     0.00         
1659    0.00     0.00     0.00         
1660    0.00     0.00     0.00         
1661    0.00     0.00     0.00         
1662    0.00     0.00     0.00         
1663    0.00     0.00     0.00         
1664    0.00     0.00     0.00         
1665    0.00     0.00     0.00         
1666    0.00     0.00     0.00         
1667    0.00     0.00     0.00         
1668    0.00     0.00     0.00         
1669    0.00     0.00     0.00         
1670    0.00     0.00     0.00         
1671    0.00     0.00     0.00         
1672    0.00     0.00     0.00         
1673    6.34     9.79    16.13     
1674    0.00     0.00     0.00         
1675    0.00     0.00     0.00         
1676    0.00     0.00     0.00         
1677    0.00     0.00     0.00         
1678    0.00     0.00     0.00         
1679    0.00     0.00     0.00         
1680    0.00     0.00     0.00         
1681    0.00     0.00     0.00         
1682    0.00     0.00     0.00         
1683    0.00     0.00     0.00         
1684    0.00     0.00     0.00         
1685    0.00     0.00     0.00         
1686    0.00     0.00     0.00         
1687    0.00     0.00     0.00         
1688    0.00     0.00     0.00         
1689    0.00     0.00     0.00         
1690    0.00     0.00     0.00         
1691    0.00     0.00     0.00         
1692    0.00     0.00     0.00         
1693    0.00    27.10    27.10     
1694    0.00     0.00     0.00         
1695    0.00     0.00     0.00         
1696    0.00     0.00     0.00         
1697    0.00     0.00     0.00         
1698    0.00     0.00     0.00         
1699    0.00     0.00     0.00         
1700    0.00     0.00     0.00         
1701    0.00     0.00     0.00         
1702    0.00     0.00     0.00         
1703    0.00     0.00     0.00         
1704    0.00     0.00     0.00         
1705    0.00     0.00     0.00         
1706    0.00     0.00     0.00         
1707    0.00     0.00     0.00         
1708    0.00     0.00     0.00         
1709    0.00     0.00     0.00         
1710    0.00     0.00     0.00         
1711    0.00     3.86     3.86     
1712    0.00     0.00     0.00         
1713    0.00     0.00     0.00         
1714    0.00     0.00     0.00         
1715    0.00     0.00     0.00         
1716    0.00     0.00     0.00         
1717    0.00     0.00     0.00         
1718    0.00     0.00     0.00         
1719   31.48     0.00    31.48     
1720    0.00     0.00     0.00         
1721    0.00     0.00     0.00         
1722    0.00     0.00     0.00         
1723    0.00     0.00     0.00         
1724    0.00     0.00     0.00         
1725    0.00     0.00     0.00         
1726    0.00     0.00     0.00         
1727    0.00     0.00     0.00         
1728    0.00     0.00     0.00         
1729   12.02     0.00    12.02     
1730    0.00     0.00     0.00         
1731    0.00     0.00     0.00         
1732    0.00     0.00     0.00         
1733    0.00     0.00     0.00         
1734    0.00     0.00     0.00         
1735    0.00     0.00     0.00         
1736    0.00     0.00     0.00         
1737    0.00     0.00     0.00         
1738    0.00     3.34     3.34     
1739    0.00     0.00     0.00         
1740    0.00     0.00     0.00         
1741    0.00     0.00     0.00         
1742    0.00     0.00     0.00         
1743    0.00     0.00     0.00         
1744    0.00     0.00     0.00         
1745    0.00     0.00     0.00         
1746    0.00     0.00     0.00         
1747    0.00     0.00     0.00         
1748    0.00     0.00     0.00         
1749    0.00     0.00     0.00         
1750    0.00     0.00     0.00         
1751    0.00     0.00     0.00         
1752    0.00     0.00     0.00         
1753    0.00     0.00     0.00         
1754    0.00     0.00     0.00         
1755    7.96     0.00     7.96     
1756    0.00     0.00     0.00         
1757    0.00     0.00     0.00         
1758    0.00     0.00     0.00         
1759    0.00     0.00     0.00         
1760    0.00     0.00     0.00         
1761    8.41     4.50    12.91      
1762    0.00     0.00     0.00         
1763    0.00     0.00     0.00         
1764    0.00     0.00     0.00         
1765    0.00     0.00     0.00         
1766    0.00     0.00     0.00         
1767    0.00     0.00     0.00         
1768    0.00     0.00     0.00         
1769    0.00     0.00     0.00         
1770    0.00     0.00     0.00         
1771    0.00     0.00     0.00         
1772    0.00     0.00     0.00         
1773    0.00     0.00     0.00         
1774    0.00     0.00     0.00         
1775    0.00     0.00     0.00         
1776    0.00     0.00     0.00         
1777    0.00     0.00     0.00         
1778    0.00     0.00     0.00         
1779    0.00     0.00     0.00         
1780    0.00     0.00     0.00         
1781    0.00     0.00     0.00         
1782    0.00     0.00     0.00         
1783   92.96     0.00    92.96     
1784    0.00     0.00     0.00         
1785    0.00     0.00     0.00         
1786    0.00     0.00     0.00         
1787    0.00     0.00     0.00         
1788    0.00     0.00     0.00         
1789    0.00     0.00     0.00         
1790    0.00     0.00     0.00         
1791    0.00     0.00     0.00         
1792    0.00     0.00     0.00         
1793    0.00     0.00     0.00         
1794    0.00     1.88     1.88     
1795    0.00     0.00     0.00         
1796    6.70     0.00     6.70     
1797    0.00     0.00     0.00         
1798    0.00     0.00     0.00         
1799    0.00     0.00     0.00         
1800    0.00     0.00     0.00         
1801    0.00     0.00     0.00         
1802    0.00     0.00     0.00         
1803    0.00     0.00     0.00         
1804    0.00     0.00     0.00         
1805    0.00     0.00     0.00         
1806    0.00     0.00     0.00         
1807    0.00     0.00     0.00         
1808    0.00     0.00     0.00         
1809   27.56    26.18    53.74      
1810    0.00     0.00     0.00         
1811    0.00     0.00     0.00         
1812    0.00     0.00     0.00         
1813    0.00     0.00     0.00         
1814    0.00     0.00     0.00         
1815   58.69    51.03   109.72     
1816    0.00     0.00     0.00         
1817    0.00     0.00     0.00         
1818    0.00     0.00     0.00         
1819    0.00     0.00     0.00         
1820    0.00     0.00     0.00         
1821    0.00     0.00     0.00         
1822    0.00     0.00     0.00         
1823    0.00     0.00     0.00         
1824    0.00     0.00     0.00         
1825    0.00     0.00     0.00         
1826    0.00     0.00     0.00         
1827    0.00     0.00     0.00         
1828    0.00     0.00     0.00         
1829    0.00     0.00     0.00         
1830    0.00     0.00     0.00         
1831   16.97     0.00    16.97     
1832    0.00     0.00     0.00         
1833    0.00     0.00     0.00         
1834    0.00     0.00     0.00         
1835   26.36    13.80    40.16      
1836    0.00     0.00     0.00         
1837    0.00     0.00     0.00         
1838    0.00     0.00     0.00         
1839    0.00     0.00     0.00         
1840    0.00     0.00     0.00         
1841    0.00     0.00     0.00         
1842    0.00     0.00     0.00         
1843    0.00     0.00     0.00         
1844    0.00     0.00     0.00         
1845    0.00     0.00     0.00         
1846    0.00     0.00     0.00         
1847    0.00     0.00     0.00         
1848    0.00     0.00     0.00         
1849    0.00     0.00     0.00         
1850    0.00     0.00     0.00         
1851    0.00     0.00     0.00         
1852    0.00     0.00     0.00         
1853    0.00     0.00     0.00         
1854    0.00     0.00     0.00         
1855    0.00     0.00     0.00         
1856    0.00     0.00     0.00         
1857    0.00     0.00     0.00         
1858    0.00     0.00     0.00         
1859    0.00     0.00     0.00         
1860    0.00     0.00     0.00         
1861    0.00     4.23     4.23     
1862    0.00     0.00     0.00         
1863    0.00     0.00     0.00         
1864    0.00     0.00     0.00         
1865    0.00     0.00     0.00         
1866    0.00     0.00     0.00         
1867    0.00     0.00     0.00         
1868    0.00     0.00     0.00         
1869    0.00     0.00     0.00         
1870    0.00     0.00     0.00         
1871    0.00     0.00     0.00         
1872    0.00     0.00     0.00         
1873    0.00     0.00     0.00         
1874    0.00     0.00     0.00         
1875    0.00     0.00     0.00         
1876    0.00     0.00     0.00         
1877    0.00     0.00     0.00         
1878    0.00     0.00     0.00         
1879    0.00     0.00     0.00         
1880    0.00     0.00     0.00         
1881    0.00     0.00     0.00         
1882    0.00     0.00     0.00         
1883   11.16    10.71    21.87     
1884    0.00     0.00     0.00         
1885    0.00     0.00     0.00         
1886    0.00     1.93     1.93         
1887    0.00     0.00     0.00         
1888    0.00     0.00     0.00         
1889    0.00     0.00     0.00         
1890    0.00     0.00     0.00         
1891    0.00     0.00     0.00         
1892    0.00     0.00     0.00         
1893    0.00     0.00     0.00         
1894    0.00     0.00     0.00         
1895    0.00     0.00     0.00         
1896    0.00     0.00     0.00         
1897    0.00     0.00     0.00         
1898    0.00     0.00     0.00         
1899    0.00     0.00     0.00         
1900    0.00     0.00     0.00         
1901    0.00     0.00     0.00         
1902    0.00     3.77     3.77     
1903    0.00     0.00     0.00         
1904    0.00     0.00     0.00         
1905    0.00     0.00     0.00         
1906    0.00     0.00     0.00         
1907    0.00     0.00     0.00         
1908    0.00     0.00     0.00         
1909    0.00     0.00     0.00         
1910    0.00     0.00     0.00         
1911    0.00     0.00     0.00         
1912   11.04     0.00    11.04     
1913    0.00     0.00     0.00         
1914    0.00     0.00     0.00         
1915    0.00     0.00     0.00         
1916    0.00     0.00     0.00         
1917    0.00     0.00     0.00         
1918    0.00     0.00     0.00         
1919    0.00     0.00     0.00         
1920    0.00     0.00     0.00         
1921    0.00     0.00     0.00         
1922    0.00     0.00     0.00         
1923    0.00     0.00     0.00         
1924    0.00     0.00     0.00         
1925   11.15     0.00    11.15     
1926    0.00     0.00     0.00         
1927    0.00     0.00     0.00         
1928    0.00     0.00     0.00         
1929    0.00     0.00     0.00         
1930    0.00     0.00     0.00         
1931    0.00     0.00     0.00         
1932    0.00     0.00     0.00         
1933    0.00     0.00     0.00         
1934    0.00     0.00     0.00         
1935    0.00     0.00     0.00         
1936    0.00     0.00     0.00         
1937    0.00     0.00     0.00         
1938    0.00     0.00     0.00         
1939    0.00     0.00     0.00         
1940    0.00     0.00     0.00         
1941    0.00     0.00     0.00         
1942    0.00     0.00     0.00         
1943    6.61     0.00     6.61     
1944    0.00     0.00     0.00         
1945    0.00     0.00     0.00         
1946    0.00     0.00     0.00         
1947    0.00     0.00     0.00         
1948    0.00     0.00     0.00         
1949    0.00     0.00     0.00         
1950    0.00     0.00     0.00         
1951    0.00     0.00     0.00         
1952    0.00     0.00     0.00         
1953    0.00     0.00     0.00         
1954    0.00     0.00     0.00         
1955    0.00     0.00     0.00         
1956    0.00     0.00     0.00         
1957    0.00     0.00     0.00         
1958    0.00     0.00     0.00         
1959    0.00     0.00     0.00         
1960    0.00     0.00     0.00         
1961    0.00     0.00     0.00         
1962    0.00     0.00     0.00         
1963    6.00    11.00    17.00   ***  
1964    0.00     0.00     0.00         
1965    0.00     0.00     0.00         
1966    0.00     0.00     0.00         
1967    0.00     0.00     0.00         
1968    0.00     0.00     0.00         
1969    0.00     0.00     0.00         
1970    0.00     0.00     0.00         
1971    0.00     0.00     0.00         
1972    0.00     0.00     0.00         
1973    0.00     0.00     0.00         
1974    0.00     0.00     0.00         
1975    0.00     0.00     0.00         
1976    4.72     0.00     4.72     
1977    0.00     0.00     0.00         
1978    0.00     0.00     0.00         
1979    0.00     0.00     0.00         
1980    0.00     0.00     0.00         
1981    0.00     0.00     0.00         
1982   11.20     2.80    14.00   ***
1983    0.00     0.00     0.00         
1984    0.00     0.00     0.00         
1985    0.00     0.00     0.00         
1986    0.00     0.00     0.00         
1987    0.00     0.00     0.00         
1988    0.00     0.00     0.00         
1989    0.00     0.00     0.00         
1990    0.00     0.00     0.00         
1991   15.05    15.05    30.10     
1992    0.00     0.00     0.00         
1993    0.00     0.00     0.00         
1994    0.00     0.00     0.00         
1995    0.00     0.00     0.00         
1996    0.00     0.00     0.00         
1997    0.00     0.00     0.00         
1998    0.00     0.00     0.00         
1999    0.00     0.00     0.00         
2000    0.00     0.00     0.00         
